// "G00"
G
-1789.57,-842.29,-87.00,-513.30,1310.22,1810.74
// "G01"
G
-795.39,-818.84,-876.97,1147.75,1272.69,1275.02
// "G02"
G
-368.34,-840.33,-3101.58,1474.35,1320.55,-586.39
// "G03"
G
-2293.90,-797.82,-3927.40,13.03,1221.81,-1730.96
// "G04"
G
-6100,900,-300,-5700,1100,2300
// "P00"
P
-1730.33,-656.84,-59.76,-963.24,1094.80,839.17
// "P01"
P
-1630.19,-668.00,-56.40,-524.51,1094.80,1211.44
// "P02"
P
-1638.04,-668.00,666.33,-708.14,1094.83,1776.01
// "P03"
P
-783.58,-682.31,504.85,281.78,1141.96,1259.61
// "P04"
P
56.54,-686.13,402.35,1040.87,1145.78,1237.87
// "P05"
P
-600.32,-693.76,-235.82,365.65,1145.80,781.57
// "P06"
P
129.59,-686.13,-255.65,1064.50,1149.58,827.76
// "P07"
P
-672.55,-741.98,-715.81,354.02,1213.15,-57.34
// "P08"
P
164.13,-697.58,-864.90,896.40,1145.78,234.63
// "P09"
P
39.66,-688.73,-2003.64,936.10,1139.29,-599.08
// "P10"
P
422.92,-684.04,-2213.08,1407.33,1144.03,-1282.30
// "P11"
P
349.74,-679.35,-3095.35,1373.83,1134.75,-1677.95
// "P12"
P
-349.12,-688.73,-2617.44,687.83,1139.30,-1747.69
// "P13"
P
-1389.68,-679.35,-2789.48,-18.73,1111.26,-2292.81
// "P14"
P
-2261.99,-684.04,-3263.28,-1019.43,1106.48,-1941.08
// "P15"
P
-1787.57,-674.66,-3862.69,-994.12,1106.50,-2872.29
// "P16"
P
-6099,901,-299,-5701,1099,2299
// "Object00"
00
225.30,98.52,932.79,519.42,360.12,1190.86
01,29,22
// "Object01"
01
186.15,59.18,683.41,562.82,320.77,953.07
00,29,22
// "Object02"
02
21.08,49.39,650.44,161.04,292.80,761.54
60,29,01,11
// "Object03"
03
-230.67,148.16,794.31,137.35,285.74,904.30
60,06,07
// "Object06"
06
-473.32,158.75,738.95,-127.60,335.13,1213.69
07,03,08
// "Object07"
07
-678.56,63.50,729.58,-329.53,282.22,913.02
06,08,03
// "Object08"
08
-622.17,84.67,542.85,-529.07,264.57,908.85
83,06,07,03,09
// "Object10"
10
-471.03,38.98,609.64,-137.53,204.43,750.75
11,09
// "Object11"
11
-286.14,28.25,609.64,108.55,263.60,750.75
02,10
// "Object12"
12
-863.69,45.94,305.64,-658.65,204.97,641.35
83,85,19
// "Object13"
13
-1561.06,13.75,-0.95,-975.31,286.63,1135.24
86,14,12,17
// "Object14"
14
-1713.50,19.99,-14.71,-1106.46,288.59,803.19
86,85,13
// "Object17"
17
-1486.52,0.00,760.47,-1246.21,272.11,1274.05
14,86
// "Object18"
18
-1324.04,0.00,1136.10,-737.41,247.37,1708.59
17
// "Object19"
19
-586.93,81.28,335.16,-240.54,392.28,560.53
09,40,83,20,10
// "Object20"
20
-361.89,166.09,364.25,-30.48,293.31,513.43
19,21
// "Object21"
21
-162.13,119.83,103.00,111.36,271.82,508.27
20,84
// "Object22"
22
231.79,70.68,310.40,361.19,265.04,708.48
01,00,79,84,24
// "Object24"
24
223.78,84.38,120.96,519.58,312.83,261.94
25,79,84,41
// "Object25"
25
386.77,125.77,114.02,530.76,291.14,638.36
24,26
// "Object26"
26
428.75,121.12,431.22,722.22,286.50,633.86
27,23,25
// "Object27"
27
674.36,135.09,423.28,907.27,295.80,520.68
26,16
// "Object28"
28
713.59,163.04,552.42,907.44,368.01,709.67
16,27,15
// "Object29"
29
83.81,111.80,688.90,675.98,284.17,806.69
01,15,02,28,60
// "Object30"
30
767.01,257.80,-162.09,1025.75,506.36,114.63
31,16
// "Object31"
31
344.82,294.36,-234.67,1016.14,714.16,-57.65
80,30
// "Object32"
32
139.36,479.27,-65.33,322.79,665.86,304.88
34,80
// "Object34"
34
-69.69,440.21,222.05,272.69,687.10,739.13
35,32,33,80
// "Object35"
35
-359.06,514.74,189.75,10.00,633.53,311.02
33,36,37
// "Object36"
36
-556.98,472.82,186.66,-99.48,631.20,291.47
35,37
// "Object37"
37
-568.20,374.06,170.03,-483.43,606.98,274.84
38,36
// "Object38"
38
-557.73,388.98,17.66,-225.15,503.54,258.96
37,81,39
// "Object39"
39
-511.83,179.34,28.28,-341.73,489.12,137.75
38
// "Object40"
40
-516.89,167.70,41.03,-367.82,284.16,381.20
82,19,39
// "Object41"
41
240.09,0.00,-48.31,465.83,223.14,224.46
25,79,22,84,92
// "Object42"
42
120.74,-363.25,-1237.83,618.91,617.53,-620.30
96,48,92,43
// "Object43"
43
235.31,0.00,-687.86,467.48,199.79,-391.88
45,44,46,42
// "Object44"
44
436.72,0.00,-674.79,884.14,192.07,-366.03
43
// "Object45"
45
-14.16,-368.74,-617.71,264.79,257.18,-423.11
43,46
// "Object46"
46
-218.16,-596.39,-672.20,94.32,173.47,-384.19
-1
// "Object47"
47
-432.24,-448.88,-469.70,-65.75,-121.91,-108.31
95
// "Object48"
48
316.97,-241.09,-1365.28,675.04,433.09,-928.99
97,42,49
// "Object49"
49
505.53,0.00,-1848.26,778.75,238.71,-1341.05
98,48
// "Object50"
50
438.91,0.00,-2542.79,657.50,186.10,-2138.15
54,51,98,53
// "Object51"
51
155.32,0.00,-2243.82,562.97,183.15,-2164.07
52,98,50
// "Object52"
52
129.57,0.00,-2524.45,403.13,183.15,-2140.43
51,70
// "Object53"
53
509.29,0.00,-3056.87,809.47,245.18,-2759.80
54,50
// "Object54"
54
522.67,0.00,-2787.89,855.83,239.27,-2512.92
53,50,55
// "Object55"
55
777.65,0.00,-2697.35,1322.73,180.19,-2502.15
04,54,56
// "Object56"
56
999.69,-35.45,-2585.54,1248.77,165.42,-1774.13
04,59
// "Object57"
57
716.58,0.00,-2464.97,1203.99,197.92,-2223.55
04,56,58
// "Object58"
58
630.92,-53.17,-2433.00,802.25,221.55,-1951.26
57,98,49,97
// "Object59"
59
1124.38,-167.08,-1966.62,1334.57,115.88,-1654.03
91,56
// "Object91"
91
703.99,-323.38,-1804.06,1339.96,16.17,-1615.42
61,62,59
// "Object61"
61
437.66,-347.63,-1903.79,887.47,-59.28,-1642.12
62,91
// "Object62"
62
359.11,-412.30,-2178.60,625.79,-126.64,-1688.63
63,61
// "Object63"
63
139.97,-393.44,-2595.04,621.66,-158.99,-2113.00
101,62,64
// "Object64"
64
-222.38,-350.62,-2237.99,313.39,-179.45,-1948.44
65,101
// "Object65"
65
-330.53,-320.77,-2114.29,-47.78,-77.82,-1998.34
67,64
// "Object66"
66
-273.36,-179.45,-2097.36,13.76,-57.98,-1945.51
-1
// "Object67"
67
-102.19,-179.45,-2251.96,91.06,-60.74,-1859.93
68,65,66
// "Object68"
68
-254.03,-154.60,-2000.73,13.76,110.43,-1865.45
69,67
// "Object69"
69
-226.43,-8.28,-2217.44,-58.02,124.23,-1865.45
68,99
// "Object70"
70
28.22,-30.37,-2517.65,251.32,243.00,-2218.17
99,52
// "Object71"
71
-413.56,96.63,-2770.11,-87.57,234.66,-2366.02
99
// "Object72"
72
-1238.79,118.71,-2759.05,-94.75,334.05,-2534.44
71
// "Object73"
73
-1368.47,170.64,-2690.53,-708.67,329.90,-2366.32
72
// "Object74"
74
-1455.63,96.69,-2599.66,-1038.87,409.53,-2265.20
73
// "Object75"
75
-2149.85,102.38,-3232.94,-1407.57,364.03,-2324.45
78,76,74,73
// "Object76"
76
-1754.54,150.73,-3404.26,-1379.13,398.16,-2893.28
77,78,74,75
// "Object77"
77
-1706.19,142.20,-3771.24,-1069.14,420.92,-3236.56
76
// "Object78"
78
-2025.19,105.23,-2497.29,-1336.72,366.87,-2075.36
100
// "Object09"
09
-520.00,38.98,507.75,-380.15,204.43,712.15
19,20,40,83
// "Object15"
15
638.94,163.04,657.73,1020.45,368.01,791.86
28,29,01,16
// "Object16"
16
829.57,163.04,-46.17,989.52,368.01,634.72
28,15,27
// "Object79"
79
203.04,70.68,171.97,320.50,265.04,419.96
24,22,84
// "Object80"
80
189.79,372.66,-211.00,424.75,635.86,46.24
32,31
// "Object23"
23
827.20,135.09,334.53,919.78,295.80,609.43
-1
// "Object33"
33
-107.31,514.74,226.87,27.68,633.53,408.54
34,35
// "Object81"
81
-450.61,387.72,-128.87,-213.65,457.36,58.53
-1
// "Object82"
82
-511.83,183.48,28.28,-341.73,387.12,137.75
40
// "Object83"
83
-773.17,19.54,518.75,-387.23,223.87,667.94
12,08,09,10
// "Object84"
84
-107.43,119.83,329.41,309.64,271.82,416.42
21,79,22
// "Object85"
85
-1172.20,45.94,303.44,-683.85,204.97,600.49
-1
// "Object86"
86
-1226.45,45.94,329.50,-738.10,204.97,460.21
13,12,14
// "Object87"
87
-1403.71,0.00,803.30,-1163.40,272.11,1316.88
18
// "Object90"
90
288.10,70.68,506.97,382.88,265.04,774.68
22,79,84
// "Object60"
60
10.82,49.39,634.76,150.77,292.80,916.82
03,29,02,11
// "Object92"
92
214.73,0.00,-756.99,491.20,223.14,163.63
24,41,94,93,43
// "Object93"
93
240.09,0.00,-431.04,465.83,223.14,-175.48
42
// "Object94"
94
240.09,0.00,-190.97,465.83,223.14,64.58
-1
// "Object95"
95
-526.73,-596.39,-672.20,-19.22,173.47,-384.19
47,46
// "Object96"
96
235.31,-235.25,-855.58,467.48,435.04,-559.59
43,42,48
// "Object97"
97
591.25,0.00,-1974.86,693.03,238.71,-1214.45
98,58,49
// "Object98"
98
531.24,0.00,-2249.56,732.74,238.71,-1949.04
97,51,50,58
// "Object99"
99
-249.10,-30.37,-2566.89,50.65,243.00,-2168.93
70,71,69,52
// "Object100"
100
-1872.25,102.38,-3101.09,-1129.97,364.03,-2331.18
75,78,73
// "Object101"
101
64.52,-393.44,-2336.50,345.77,-158.99,-1911.47
63
// "Object04"
04
930.17,-35.45,-2593.90,1318.30,165.42,-1954.02
57
// "Object102"
102
-6098,902,-298,-5702,1098,2298
53

