// path1
MINIBODY.ACT
8
20,50,40,10,100,1,600,250,100,0,0
2
80,70,4,-3,-1.2,10
80,70,4,3,-1.2,10
10
P-269.81,229.00,874.08
P-273.34,229.00,792.80
P-100.18,229.00,870.55
P76.51,229.00,870.55
P76.51,229.00,725.66
P217.87,186.60,725.66
P76.51,229.00,725.66
P76.51,229.00,870.55
P-100.18,229.00,870.55
P-273.34,229.00,792.80
// path2
MINIBODY.ACT
8
20,50,40,10,100,1,600,250,100,0,0
2
80,70,4,-3,-1.2,10
80,70,4,3,-1.2,10
8
P-273.34,229.00,1170.93
P-273.34,274.00,1170.93
P-273.34,274.94,1088.80
P-273.34,257.27,951.83
P-329.89,257.27,958.90
P-220.34,257.22,958.90
P-273.34,274.94,1088.80
P-273.34,274.00,1170.93
// path3
VIPERBOD.ACT
10
20,60,50,20,50,1,600,200,100,0,0
4
30,80,5,20,2.5,-10
30,80,5,-20,2.5,-10
80,90,3,5.5,-2.2,-10
80,90,3,-5.5,-2.2,-10
14
P-573.72,130.05,810.47
P-573.72,221.93,771.60
P-471.24,221.93,775.14
P-573.72,221.93,771.60
P-573.72,130.05,810.47
P-573.72,122.99,580.77
P-425.30,122.99,580.77
P-421.77,122.99,672.65
P-188.53,122.99,722.65
P-421.77,122.99,672.65
P-425.30,122.99,580.77
P-573.72,122.99,580.77
P-693.88,130.05,577.24
P-573.72,122.99,580.77
// path4
MINIBODY.ACT
8
20,60,40,10,100,1,600,250,100,0,0
2
80,90,4,-3,-1.2,10
80,90,4,3,-1.2,10
4
P-828.17,122.99,375.81
P-1011.93,122.99,368.74
P-1015.46,122.99,276.86
P-1174.49,122.99,372.27
// path5
VIPERBOD.ACT
10
20,80,50,10,50,1,600,200,100,0,0
4
30,80,5,20,2.5,-10
30,80,5,-20,2.5,-10
80,90,3,5.5,-2.2,-10
80,90,3,-5.5,-2.2,-10
7
P-1485.47,218.40,495.96
P-1474.87,229.00,665.58
P-1390.05,236.07,669.12
P-1390.05,147.72,669.12
P-1315.84,172.46,669.12
P-1301.71,207.80,421.75
P-1478.40,172.46,421.75
// path5a
VIPERBOD.ACT
10
20,80,50,10,50,0,600,300,100,0,0
4
30,80,5,20,2.5,-10
30,80,5,-20,2.5,-10
80,90,3,5.5,-2.2,-10
80,90,3,-5.5,-2.2,-10
7
P-1478.40,130.46,421.75
P-1485.47,198.40,495.96
P-1474.87,199.00,665.58
P-1390.05,206.07,669.12
P-1390.05,117.72,669.12
P-1315.84,142.46,669.12
P-1301.71,117.80,421.75
// path6
LAMBODY.ACT
14
30,60,10,0,0,1,600,100,100,0,0
2
200,95,2,15.6,-1.2,0
200,95,2,-15.6,-1.2,0
6
P-1368.85,115.99,234.45
P-1443.06,115.99,241.52
P-1446.60,115.99,382.87
P-1379.45,115.99,534.83
P-1446.60,115.99,382.87
P-1443.06,115.99,241.52
// path6a
LAMBODY.ACT
14
30,60,10,50,60,0,600,150,100,0,0
2
200,95,2,15.6,-1.2,0
200,95,2,-15.6,-1.2,0
6
P-1368.85,132.99,234.45
P-1443.06,132.99,241.52
P-1446.60,132.99,382.87
P-1379.45,132.99,534.83
P-1446.60,132.99,382.87
P-1443.06,132.99,241.52
// path7
MINIBODY.ACT
8
20,60,40,10,100,1,600,250,100,0,0
2
80,90,4,-3,-1.2,10
80,90,4,3,-1.2,10
6
P-1223.96,140.99,237.98
P-1245.16,122.99,446.48
P-1648.03,122.99,457.08
P-1640.96,122.99,598.44
P-1648.03,122.99,457.08
P-1245.16,122.99,446.48
// path8
LAMBODY.ACT
14
30,60,10,0,0,1,600,250,100,0,0
2
200,95,2,15.6,-1.2,0
200,95,2,-15.6,-1.2,0
6
P-997.79,119.45,1435.97
P-1036.66,168.93,1329.96
P-1121.48,140.66,1245.14
P-1195.69,172.46,1308.75
P-1082.61,158.32,1400.63
P-870.57,87.65,1577.33
// path8a
PORKBODY.ACT
14
30,60,10,0,0,0,600,250,100,0,0
2
200,98,2,15.6,-1.2,0
200,98,2,-15.6,-1.2,0
6
P-997.79,100.45,1435.97
P-1036.66,148.93,1329.96
P-1121.48,120.66,1245.14
P-1195.69,152.46,1308.75
P-1082.61,138.32,1400.63
P-870.57,67.65,1577.33
// path9
PORKBODY.ACT
14
20,20,10,0,0,1,600,150,100,0,0
3
80,90,5,21,-3,-10
80,90,5,-21,-3,-10
200,98,3,0,-7.7,16
5
P-393.70,148.66,423.51
P-468.75,223.72,423.51
P-425.30,273.10,423.51
P-375.92,273.10,476.84
P-472.70,184.22,476.84
// path10
LAMBODY.ACT
14
30,60,10,0,0,1,600,250,100,0,0
2
200,95,2,15.6,-1.2,0
200,95,2,-15.6,-1.2,0
6
P-423.33,223.72,374.13
P-468.75,223.72,194.39
P-421.35,223.72,77.86
P-474.68,223.72,75.88
P-421.35,223.72,77.86
P-468.75,223.72,194.39
// path11
LAMBODY.ACT
14
30,60,10,0,0,1,600,250,100,0,0
2
200,95,2,15.6,-1.2,0
200,95,2,-15.6,-1.2,0
10
P-46.07,223.72,208.22
P-75.70,223.72,380.05
P-75.70,223.72,472.89
P-75.70,223.72,380.05
P105.02,175.33,374.04
P274.88,175.33,372.07
P274.88,175.33,269.36
P274.88,175.33,372.07
P105.02,175.33,374.04
P-75.70,223.72,380.05
// path12
MINIBODY.ACT
8
20,60,40,10,100,1,600,250,100,0,0
2
80,90,4,-3,-1.2,10
80,90,4,3,-1.2,10
2
P322.29,175.33,498.48
P324.26,175.33,664.39
// path13
ROLLBODY.ACT
20
20,50,10,80,100,1,600,250,50,0,0
5
200,90,5,-12,2,14
200,90,5,-12,0.5,14
200,90,5,-12,-1.3,14
200,90,5,-13.9,0.5,14
200,90,5,-10.2,0.5,14
10
P827.92,230.63,474.77
P673.86,171.38,480.70
P583.83,184.22,561.14
P478.32,167.43,468.85
P475.20,178.29,351.78
P413.97,200.02,207.59
P475.20,178.29,351.78
P478.32,167.43,468.85
P583.83,184.22,561.14
P673.86,171.38,480.70
// path14
VIPERBOD.ACT
16
10,30,20,10,50,1,600,100,100,0,0
4
30,80,5,20,2.5,-10
30,80,5,-20,2.5,-10
80,90,3,5.5,-2.2,-10
80,90,3,-5.5,-2.2,-10
2
P881.25,222.73,721.67
B920.25,222.73,721.67
// path15
VIPERBOD.ACT
16
20,60,50,20,50,1,600,350,100,0,0
4
30,80,5,20,2.5,-10
30,80,5,-20,2.5,-10
80,90,3,5.5,-2.2,-10
80,90,3,-5.5,-2.2,-10
6
P873.35,226.68,599.21
P822.00,218.78,723.64
P665.96,228.66,723.64
P822.00,218.78,723.64
P873.35,226.68,599.21
P875.33,220.76,374.04
// path16
LAMBODY.ACT
18
30,60,10,0,0,1,600,200,100,0,0
2
200,95,2,15.6,-1.2,0
200,95,2,-15.6,-1.2,0
6
P867.18,324.67,-123.10
P973.13,330.78,-123.10
P973.13,324.67,23.60
P875.33,328.74,27.67
P973.13,324.67,23.60
P973.13,330.78,-123.10
// path17
PORKBODY.ACT
18
40,60,40,0,0,1,600,100,100,0,0
3
80,90,5,21,-3,-10
80,90,5,-21,-3,-10
200,98,3,0,-7.7,16
6
P789.75,446.91,-121.06
P543.22,534.52,-94.57
P361.89,514.15,-143.47
P225.38,526.37,-23.26
P361.89,514.15,-143.47
B543.22,534.52,-94.57
// path18
PORKBODY.ACT
18
40,60,40,0,0,1,600,250,100,0,0
3
80,90,5,21,-3,-10
80,90,5,-21,-3,-10
200,98,3,0,-7.7,16
6
P117.39,611.95,372.01
P21.63,567.12,418.87
P-21.16,550.82,636.88
P119.43,536.56,473.88
P219.26,528.41,653.18
P221.30,520.26,329.22
// path18a
VIPERBOD.ACT
18
20,60,50,20,50,1,600,350,100,0,0
4
30,80,5,20,2.5,-10
30,80,5,-20,2.5,-10
80,90,3,5.5,-2.2,-10
80,90,3,-5.5,-2.2,-10
6
P117.39,581.95,372.01
P21.63,547.12,418.87
P-21.16,530.82,636.88
P119.43,516.56,473.88
P219.26,508.41,653.18
P221.30,500.26,329.22
// path19
ROLLBODY.ACT
25
20,50,10,80,100,1,600,150,60,30,0
5
200,90,5,-12,2,14
200,90,5,-12,0.5,14
200,90,5,-12,-1.3,14
200,90,5,-13.9,0.5,14
200,90,5,-10.2,0.5,14
7
P62.38,624.17,406.64
P-29.31,611.95,431.09
P-10.97,607.87,569.64
P101.09,595.65,608.35
P80.72,618.06,490.18
P164.25,611.95,673.55
P223.34,601.76,455.54
// path20
LAMBODY.ACT
20
30,70,30,0,0,1,600,250,100,0,0
2
200,95,2,15.6,-1.2,0
200,95,2,-15.6,-1.2,0
10
P-212.68,567.12,225.31
P-524.41,567.12,227.35
P-524.41,422.46,227.35
P-322.70,422.46,227.35
P-322.70,422.46,76.57
P-471.44,422.46,76.57
P-322.70,422.46,76.57
P-322.70,422.46,227.35
P-524.41,422.46,227.35
P-524.41,567.12,227.35
// path21
LAMBODY.ACT
20
30,70,20,0,0,1,600,250,100,0,0
2
200,95,2,15.6,-1.2,0
200,95,2,-15.6,-1.2,0
4
P351.46,159.66,98.81
P349.72,152.70,-59.55
P285.33,161.40,-57.81
P349.72,152.70,-59.55
// path22
VIPERBOD.ACT
20
10,30,20,10,50,1,600,200,100,0,0
4
30,80,5,20,2.5,-10
30,80,5,-20,2.5,-10
80,90,3,5.5,-2.2,-10
80,90,3,-5.5,-2.2,-10
11
P422.81,161.40,-299.71
P351.46,152.70,-299.71
P353.20,152.70,-559.02
P450.65,152.70,-559.02
P596.84,95.27,-458.08
P727.36,126.60,-576.42
P642.08,126.60,-536.39
P727.36,126.60,-576.42
P596.84,95.27,-458.08
P450.65,152.70,-559.02
P353.20,152.70,-559.02
// path23
ROLLBODY.ACT
26
20,50,10,80,100,1,600,250,50,0,0
5
200,90,5,-12,2,14
200,90,5,-12,0.5,14
200,90,5,-12,-1.3,14
200,90,5,-13.9,0.5,14
200,90,5,-10.2,0.5,14
6
P-471.70,-214.50,-546.83
P-433.41,-322.39,-546.83
P-372.50,-294.55,-487.66
P-268.09,-298.03,-518.99
P-306.37,-322.39,-607.74
P-450.82,-322.39,-576.42
// path24
VIPERBOD.ACT
18
10,30,20,10,50,1,600,200,100,0,0
4
30,80,5,20,2.5,-10
30,80,5,-20,2.5,-10
80,90,3,5.5,-2.2,-10
80,90,3,-5.5,-2.2,-10
5
P-205.44,-202.32,-155.27
R2,1,3
P-151.49,-212.76,-202.26
P-302.89,-198.83,-228.36
P-240.24,-205.80,-325.82
// path24a
PORKBODY.ACT
16
40,60,40,0,0,1,600,100,100,0,0
3
40,40,5,21,-3,-10
40,40,5,-21,-3,-10
200,70,8,0,-7.7,16
5
P-205.44,-302.32,-155.27
R2,1,3
P-151.49,-312.76,-202.26
P-302.89,-278.83,-228.36
P-240.24,-305.80,-325.82
// path25
PORKBODY.ACT
18
40,60,40,0,0,0,600,400,100,0,0
3
80,90,5,21,-3,-10
80,90,5,-21,-3,-10
200,98,3,0,-7.7,16
14
P423.01,-237.75,-1131.31
P523.86,-136.91,-1022.70
P513.52,-46.40,-875.31
P402.33,67.37,-797.74
P254.94,191.49,-802.91
P179.95,287.17,-914.10
P200.63,359.57,-1048.56
P309.24,429.38,-1139.07
P200.63,359.57,-1048.56
P179.95,287.17,-914.10
P254.94,191.49,-802.91
P402.33,67.37,-797.74
P513.52,-46.40,-875.31
P523.86,-136.91,-1022.70
// path26
LAMBODY.ACT
20
30,60,10,0,0,1,600,400,100,0,0
2
200,95,2,15.6,-1.2,0
200,95,2,-15.6,-1.2,0
14
P433.36,429.38,-1139.07
P536.79,344.05,-1012.36
P500.59,281.99,-883.07
P384.23,191.49,-789.98
P267.86,82.89,-813.25
P192.88,-33.47,-908.93
P192.88,-98.12,-1043.39
P298.89,-175.69,-1136.48
P192.88,-98.12,-1043.39
P192.88,-33.47,-908.93
P267.86,82.89,-813.25
P384.23,191.49,-789.98
P500.59,281.99,-883.07
P536.79,344.05,-1012.36
// path27
LAMBODY.ACT
20
30,60,10,0,0,1,600,250,100,0,0
2
200,95,2,15.6,-1.2,0
200,95,2,-15.6,-1.2,0
9
P567.82,155.29,-1526.94
P642.81,155.29,-1526.94
P642.81,142.36,-1767.42
P570.40,152.70,-1770.00
P642.81,142.36,-1767.42
P642.81,144.95,-1938.08
P642.16,155.29,-2002.72
P642.81,144.95,-1938.08
P642.81,155.29,-1526.94
// path28
LAMBODY.ACT
20
30,60,10,0,0,1,600,250,100,0,0
2
200,95,2,15.6,-1.2,0
200,95,2,-15.6,-1.2,0
5
P767.00,126.03,-2299.27
P962.48,134.01,-2303.26
P872.05,118.05,-2418.96
R2,1,3
P852.10,134.01,-2367.09
// path29
PORKBODY.ACT
18
40,60,40,0,0,1,600,100,100,0,0
3
80,90,5,21,-3,-10
80,90,5,-21,-3,-10
200,98,3,0,-7.7,16
8
B1231.10,79.49,-2571.89
P1112.75,74.17,-2549.28
P1161.95,70.18,-2426.94
P1165.94,79.49,-2305.92
P1123.39,79.49,-2304.59
P1165.94,79.49,-2305.92
P1161.95,70.18,-2426.94
P1112.75,74.17,-2549.28
// path30
MINIBODY.ACT
16
30,70,40,10,100,1,600,250,100,0,0
4
50,90,4,-3,-1.2,10
50,90,4,3,-1.2,10
90,80,0,-5,-1.2,10
90,80,0,5,-1.2,10
10
P614.07,120.71,-2506.73
P614.07,126.03,-2348.48
P563.53,132.68,-2215.50
P571.05,116.72,-2049.28
P711.14,132.68,-2059.91
P764.34,126.03,-2186.24
P711.14,132.68,-2059.91
P571.05,116.72,-2049.28
P563.53,132.68,-2215.50
P614.07,126.03,-2348.48
// path31
ROLLBODY.ACT
35
20,50,10,80,100,1,600,250,50,0,0
5
200,90,5,-12,2,14
200,90,5,-12,0.5,14
200,90,5,-12,-1.3,14
200,90,5,-13.9,0.5,14
200,90,5,-10.2,0.5,14
6
P665.80,74.17,-2971.52
P668.05,74.17,-2863.71
P587.19,80.91,-2782.86
P751.15,74.17,-2742.43
P764.62,119.09,-2614.41
P661.31,103.37,-2686.28
// path31a
ROLLBODY.ACT
35
20,50,10,80,100,0,600,250,50,0,0
5
200,90,5,-12,2,14
200,90,5,-12,0.5,14
200,90,5,-12,-1.3,14
200,90,5,-13.9,0.5,14
200,90,5,-10.2,0.5,14
5
P751.15,64.17,-2742.43
P764.62,125.09,-2614.41
P661.31,113.37,-2686.28
P668.05,84.17,-2863.71
P587.19,100.91,-2782.86
// path32
ROLLBODY.ACT
35
20,50,10,80,100,1,600,250,50,0,0
5
200,90,5,-12,2,14
200,90,5,-12,0.5,14
200,90,5,-12,-1.3,14
200,90,5,-13.9,0.5,14
200,90,5,-10.2,0.5,14
9
P409.76,-307.64,-2216.88
P322.17,-217.80,-2239.34
P481.63,-222.30,-2160.73
P524.31,-298.66,-2212.39
P515.32,-224.54,-2367.36
P288.48,-276.20,-2392.06
P261.53,-271.71,-2149.50
P288.48,-276.20,-2392.06
P515.32,-224.54,-2367.36
// path32a
ROLLBODY.ACT
35
20,50,10,80,100,0,600,250,50,0,0
5
200,90,5,-12,2,14
200,90,5,-12,0.5,14
200,90,5,-12,-1.3,14
200,90,5,-13.9,0.5,14
200,90,5,-10.2,0.5,14
9
P409.76,-257.64,-2216.88
P322.17,-167.80,-2239.34
P481.63,-172.30,-2160.73
P524.31,-248.66,-2212.39
P515.32,-174.54,-2367.36
P288.48,-226.20,-2392.06
P261.53,-221.71,-2149.50
P288.48,-226.20,-2392.06
P515.32,-174.54,-2367.36
// path33
LAMBODY.ACT
25
40,80,30,0,0,1,600,250,100,0,0
2
200,95,2,15.6,-1.2,0
200,95,2,-15.6,-1.2,0
6
P517.57,-222.30,-1801.37
P654.57,-213.31,-1684.58
P836.49,-231.28,-1729.50
P1137.45,-118.98,-1702.55
P836.49,-231.28,-1729.50
P654.57,-213.31,-1684.58
// path34
LAMBODY.ACT
25
30,50,20,0,0,1,600,250,100,0,0
2
200,95,2,15.6,-1.2,0
200,95,2,-15.6,-1.2,0
14
P67.57,-271.71,-2051.01
P-235.92,-270.70,-2051.01
P-237.93,-123.98,-2051.01
P-33.92,-121.97,-2051.01
P-30.91,-121.97,-2130.40
P-35.93,-121.97,-1902.28
P-181.65,-121.97,-1902.28
P-181.21,75.00,-1902.28
P-181.65,-121.97,-1902.28
P-35.93,-121.97,-1902.28
P-30.91,-121.97,-2130.40
P-33.92,-121.97,-2051.01
P-237.93,-123.98,-2051.01
P-235.92,-270.70,-2051.01
// path35
MINIBODY.ACT
14
30,50,20,0,0,1,600,250,100,0,0
4
70,80,4,-3,-1.2,10
70,80,4,3,-1.2,10
60,90,0,-5,-1.2,10
60,90,0,5,-1.2,10
3
P178.12,103.14,-2446.96
P247.46,73.99,-2445.96
P215.30,73.99,-2290.19
// path36
PORKBODY.ACT
20
20,40,10,0,0,1,600,100,100,0,0
3
80,90,5,21,-3,-10
80,90,5,-21,-3,-10
200,98,3,0,-7.7,16
3
P-190.70,22.74,-2295.21
P-76.13,131.27,-2301.24
P-134.42,76.00,-2249.99
// path37
VIPERBOD.ACT
22
40,80,30,10,50,1,600,200,100,0,0
4
40,80,5,20,2.5,-10
40,80,5,-20,2.5,-10
90,95,3,5.5,-2.2,-10
90,95,3,-5.5,-2.2,-10
12
P-287.82,182.83,-2666.36
P-471.35,163.66,-2628.01
P-767.19,275.97,-2652.66
P-1010.98,275.97,-2647.18
P-1079.46,265.01,-2575.96
P-1090.42,278.71,-2485.57
P-1142.46,284.19,-2485.57
P-1090.42,278.71,-2485.57
P-1079.46,265.01,-2575.96
P-1010.98,275.97,-2647.18
P-767.19,275.97,-2652.66
P-471.35,163.66,-2628.01
// path38
PORKBODY.ACT
20
10,30,10,0,0,1,600,100,100,0,0
3
80,90,5,21,-3,-10
80,90,5,-21,-3,-10
200,98,3,0,-7.7,16
5
P-1358.86,278.71,-2334.91
P-1402.69,278.71,-2400.65
P-1325.99,292.40,-2395.17
P-1558.83,237.62,-2534.87
P-1788.93,278.71,-2521.18
// path39
ROLLBODY.ACT
38
10,30,10,80,100,1,600,250,50,0,0
5
200,90,5,-12,2,14
200,90,5,-12,0.5,14
200,90,5,-12,-1.3,14
200,90,5,-13.9,0.5,14
200,90,5,-10.2,0.5,14
4
B-1523.22,295.14,-2266.43
R1,1
P-1525.96,292.40,-2381.48
P-1591.70,278.71,-2395.17
// path40
LAMBODY.ACT
30
40,80,30,0,0,1,600,250,100,0,0
2
200,95,2,15.6,-1.2,0
200,95,2,-15.6,-1.2,0
10
P-1668.40,278.71,-2167.81
P-1816.32,292.40,-2192.47
P-1665.66,295.14,-2329.43
P-1728.66,278.71,-2241.77
P-1767.01,278.71,-2263.69
P-1857.41,278.71,-2271.91
P-1764.27,278.71,-2392.43
P-1857.41,278.71,-2271.91
P-1767.01,278.71,-2263.69
P-1728.66,278.71,-2241.77
// path41
PORKBODY.ACT
24
40,70,30,0,0,1,600,100,100,0,0
3
80,90,5,21,-3,-10
80,90,5,-21,-3,-10
200,98,3,0,-7.7,16
11
P-1773.55,166.68,-2817.73
P-1782.34,166.68,-2635.41
P-1749.39,239.17,-2683.73
P-1641.75,283.10,-2775.99
P-1595.62,239.17,-2828.71
P-1687.88,252.35,-2593.67
P-1545.09,291.89,-2556.33
P-1602.21,239.17,-2450.88
P-1687.88,252.35,-2593.67
P-1749.39,239.17,-2683.73
P-1782.34,166.68,-2635.41
// path42
VIPERBOD.ACT
20
40,80,30,10,50,1,600,200,100,0,0
4
50,80,5,20,2.5,-10
50,80,5,-20,2.5,-10
90,95,3,5.5,-2.2,-10
90,95,3,-5.5,-2.2,-10
9
P-1784.53,166.68,-2723.27
P-1799.91,166.68,-2503.60
P-1786.73,287.49,-2475.05
P-1525.32,245.76,-2512.39
P-1665.91,283.10,-2690.32
P-1758.17,252.35,-2819.93
P-1525.32,245.76,-2512.39
P-1786.73,287.49,-2475.05
P-1799.91,166.68,-2503.60
// path42a
VIPERBOD.ACT
20
40,80,30,10,50,0,600,200,100,0,0
4
50,80,5,20,2.5,-10
50,80,5,-20,2.5,-10
90,95,3,5.5,-2.2,-10
90,95,3,-5.5,-2.2,-10
9
P-1799.91,196.68,-2503.60
P-1784.53,196.68,-2723.27
P-1799.91,196.68,-2503.60
P-1786.73,317.49,-2475.05
P-1525.32,275.76,-2512.39
P-1665.91,303.10,-2690.32
P-1758.17,282.35,-2819.93
P-1525.32,275.76,-2512.39
P-1786.73,307.49,-2475.05
// path43
BUSBODY.ACT
80
10,20,10,0,0,1,600,250,100,0,0
5
100,80,6,0,-4.2,20
100,90,7,1.7,12,22
100,90,7,-2,12,22
100,90,7,-2,15.5,22
100,90,7,1.7,15.5,22
9
P-1413.29,228.18,-3410.83
P-1349.59,287.49,-3544.83
P-1270.51,241.36,-3472.34
P-1422.08,265.53,-3311.98
P-1509.95,283.10,-3393.26
P-1569.26,283.10,-3301.00
P-1509.95,283.10,-3393.26
P-1349.59,287.49,-3544.83
P-1270.51,241.36,-3472.34
// path44
BUSBODY.ACT
200
10,20,10,0,0,0,600,450,100,0,0
5
100,80,6,0,-4.2,20
100,90,7,1.7,12,22
100,90,7,-2,12,22
100,90,7,-2,15.5,22
100,90,7,1.7,15.5,22
7
C-1219.98,340.21,-3700.80
R3,0,2,3
C-1173.85,287.49,-3659.06
C-1217.79,287.49,-3700.80
C-1129.92,287.49,-3619.52
C-1127.72,333.62,-3619.52
C-1173.85,351.20,-3659.06
